{
 "cells": [
  {
   "cell_type": "code",
   "execution_count": 45,
   "metadata": {},
   "outputs": [
    {
     "name": "stdout",
     "output_type": "stream",
     "text": [
      "The autoreload extension is already loaded. To reload it, use:\n",
      "  %reload_ext autoreload\n"
     ]
    }
   ],
   "source": [
    "%load_ext autoreload\n",
    "%autoreload 2\n",
    "%matplotlib notebook\n",
    "\n",
    "import pascal3d"
   ]
  },
  {
   "cell_type": "code",
   "execution_count": 2,
   "metadata": {},
   "outputs": [
    {
     "name": "stdout",
     "output_type": "stream",
     "text": [
      "Generating index for annotations...\n",
      "Done.\n",
      "[val:0] showing cad overlay\n",
      "Unit Cube\n",
      "[[-1 -1 -1]\n",
      " [-1 -1  1]\n",
      " [-1  1 -1]\n",
      " [-1  1  1]\n",
      " [ 1 -1 -1]\n",
      " [ 1 -1  1]\n",
      " [ 1  1 -1]\n",
      " [ 1  1  1]]\n",
      "Rotation Matrix:\n",
      "[[ 0.40491018  0.91435647  0.        ]\n",
      " [-0.0233724   0.01035015  0.99967325]\n",
      " [ 0.9140577  -0.40477787  0.02556159]]\n",
      "Clip extra row\n",
      "(3, 3)\n",
      "\n",
      "Transformed Cube\n",
      "[[-1.31926664 -0.98665099 -0.53484142]\n",
      " [-1.31926664  1.0126955  -0.48371824]\n",
      " [ 0.50944629 -0.9659507  -1.34439716]\n",
      " [ 0.50944629  1.0333958  -1.29327399]\n",
      " [-0.50944629 -1.0333958   1.29327399]\n",
      " [-0.50944629  0.9659507   1.34439716]\n",
      " [ 1.31926664 -1.0126955   0.48371824]\n",
      " [ 1.31926664  0.98665099  0.53484142]]\n",
      "[val:1] showing cad overlay\n",
      "Unit Cube\n",
      "[[-1 -1 -1]\n",
      " [-1 -1  1]\n",
      " [-1  1 -1]\n",
      " [-1  1  1]\n",
      " [ 1 -1 -1]\n",
      " [ 1 -1  1]\n",
      " [ 1  1 -1]\n",
      " [ 1  1  1]]\n",
      "Rotation Matrix:\n",
      "[[-0.7426638   0.66966445  0.        ]\n",
      " [ 0.0381286   0.04228495  0.99837778]\n",
      " [ 0.66857811  0.74145904 -0.05693687]]\n",
      "Clip extra row\n",
      "(3, 3)\n",
      "\n",
      "Transformed Cube\n",
      "[[ 0.07299935 -1.07879133 -1.35310028]\n",
      " [ 0.07299935  0.91796424 -1.46697401]\n",
      " [ 1.41232825 -0.99422143  0.12981779]\n",
      " [ 1.41232825  1.00253414  0.01594406]\n",
      " [-1.41232825 -1.00253414 -0.01594406]\n",
      " [-1.41232825  0.99422143 -0.12981779]\n",
      " [-0.07299935 -0.91796424  1.46697401]\n",
      " [-0.07299935  1.07879133  1.35310028]]\n",
      "[val:2] showing cad overlay\n",
      "Unit Cube\n",
      "[[-1 -1 -1]\n",
      " [-1 -1  1]\n",
      " [-1  1 -1]\n",
      " [-1  1  1]\n",
      " [ 1 -1 -1]\n",
      " [ 1 -1  1]\n",
      " [ 1  1 -1]\n",
      " [ 1  1  1]]\n",
      "Rotation Matrix:\n",
      "[[ 0.9417662   0.33626839  0.        ]\n",
      " [-0.0818142   0.229132    0.96995101]\n",
      " [ 0.32616387 -0.91346707  0.2433003 ]]\n",
      "Clip extra row\n",
      "(3, 3)\n",
      "\n",
      "Transformed Cube\n",
      "[[-1.27803459 -1.11726881  0.34400291]\n",
      " [-1.27803459  0.82263322  0.8306035 ]\n",
      " [-0.6054978  -0.65900482 -1.48293124]\n",
      " [-0.6054978   1.28089721 -0.99633064]\n",
      " [ 0.6054978  -1.28089721  0.99633064]\n",
      " [ 0.6054978   0.65900482  1.48293124]\n",
      " [ 1.27803459 -0.82263322 -0.8306035 ]\n",
      " [ 1.27803459  1.11726881 -0.34400291]]\n",
      "[val:3] showing cad overlay\n",
      "Unit Cube\n",
      "[[-1 -1 -1]\n",
      " [-1 -1  1]\n",
      " [-1  1 -1]\n",
      " [-1  1  1]\n",
      " [ 1 -1 -1]\n",
      " [ 1 -1  1]\n",
      " [ 1  1 -1]\n",
      " [ 1  1  1]]\n",
      "Rotation Matrix:\n",
      "[[ 0.99404481  0.10897209  0.        ]\n",
      " [ 0.01997567 -0.18221836  0.98305516]\n",
      " [ 0.10712557 -0.97720088 -0.18331   ]]\n",
      "Clip extra row\n",
      "(3, 3)\n",
      "\n",
      "Transformed Cube\n",
      "[[-1.1030169  -0.82081247  1.05338531]\n",
      " [-1.1030169   1.14529784  0.6867653 ]\n",
      " [-0.88507272 -1.18524919 -0.90101644]\n",
      " [-0.88507272  0.78086113 -1.26763645]\n",
      " [ 0.88507272 -0.78086113  1.26763645]\n",
      " [ 0.88507272  1.18524919  0.90101644]\n",
      " [ 1.1030169  -1.14529784 -0.6867653 ]\n",
      " [ 1.1030169   0.82081247 -1.05338531]]\n",
      "[val:4] showing cad overlay\n",
      "Unit Cube\n",
      "[[-1 -1 -1]\n",
      " [-1 -1  1]\n",
      " [-1  1 -1]\n",
      " [-1  1  1]\n",
      " [ 1 -1 -1]\n",
      " [ 1 -1  1]\n",
      " [ 1  1 -1]\n",
      " [ 1  1  1]]\n",
      "Rotation Matrix:\n",
      "[[ 9.95825475e-01 -9.12777234e-02  0.00000000e+00]\n",
      " [ 1.42405669e-04  1.55362325e-03  9.99998783e-01]\n",
      " [-9.12776123e-02 -9.95824263e-01  1.56013608e-03]]\n",
      "Clip extra row\n",
      "(3, 3)\n",
      "\n",
      "Transformed Cube\n",
      "[[-0.90454775 -1.00169481  1.08554174]\n",
      " [-0.90454775  0.99830275  1.08866201]\n",
      " [-1.0871032  -0.99858757 -0.90610679]\n",
      " [-1.0871032   1.00141    -0.90298651]\n",
      " [ 1.0871032  -1.00141     0.90298651]\n",
      " [ 1.0871032   0.99858757  0.90610679]\n",
      " [ 0.90454775 -0.99830275 -1.08866201]\n",
      " [ 0.90454775  1.00169481 -1.08554174]]\n",
      "[val:5] showing cad overlay\n",
      "Unit Cube\n",
      "[[-1 -1 -1]\n",
      " [-1 -1  1]\n",
      " [-1  1 -1]\n",
      " [-1  1  1]\n",
      " [ 1 -1 -1]\n",
      " [ 1 -1  1]\n",
      " [ 1  1 -1]\n",
      " [ 1  1  1]]\n",
      "Rotation Matrix:\n",
      "[[-0.38268344  0.92387953  0.        ]\n",
      " [-0.35355336 -0.1464466   0.92387955]\n",
      " [ 0.8535534   0.35355341  0.3826834 ]]\n",
      "Clip extra row\n",
      "(3, 3)\n",
      "\n",
      "Transformed Cube\n",
      "[[-0.54119609 -0.42387959 -1.5897902 ]\n",
      " [-0.54119609  1.4238795  -0.82442341]\n",
      " [ 1.30656297 -0.71677279 -0.88268339]\n",
      " [ 1.30656297  1.1309863  -0.1173166 ]\n",
      " [-1.30656297 -1.1309863   0.1173166 ]\n",
      " [-1.30656297  0.71677279  0.88268339]\n",
      " [ 0.54119609 -1.4238795   0.82442341]\n",
      " [ 0.54119609  0.42387959  1.5897902 ]]\n",
      "[val:6] showing cad overlay\n",
      "Unit Cube\n",
      "[[-1 -1 -1]\n",
      " [-1 -1  1]\n",
      " [-1  1 -1]\n",
      " [-1  1  1]\n",
      " [ 1 -1 -1]\n",
      " [ 1 -1  1]\n",
      " [ 1  1 -1]\n",
      " [ 1  1  1]]\n",
      "Rotation Matrix:\n",
      "[[ 0.92479374  0.38046885  0.        ]\n",
      " [-0.09598721  0.2333131   0.96765255]\n",
      " [ 0.36816165 -0.89487901  0.25228664]]\n",
      "Clip extra row\n",
      "(3, 3)\n",
      "\n",
      "Transformed Cube\n",
      "[[-1.30526258 -1.10497844  0.27443073]\n",
      " [-1.30526258  0.83032665  0.779004  ]\n",
      " [-0.54432489 -0.63835224 -1.5153273 ]\n",
      " [-0.54432489  1.29695286 -1.01075403]\n",
      " [ 0.54432489 -1.29695286  1.01075403]\n",
      " [ 0.54432489  0.63835224  1.5153273 ]\n",
      " [ 1.30526258 -0.83032665 -0.779004  ]\n",
      " [ 1.30526258  1.10497844 -0.27443073]]\n",
      "[val:7] showing cad overlay\n",
      "Unit Cube\n",
      "[[-1 -1 -1]\n",
      " [-1 -1  1]\n",
      " [-1  1 -1]\n",
      " [-1  1  1]\n",
      " [ 1 -1 -1]\n",
      " [ 1 -1  1]\n",
      " [ 1  1 -1]\n",
      " [ 1  1  1]]\n",
      "Rotation Matrix:\n",
      "[[ 0.83657506  0.54785233  0.        ]\n",
      " [-0.14209473  0.21697982  0.96577888]\n",
      " [ 0.52910421 -0.80794652  0.25936684]]\n",
      "Clip extra row\n",
      "(3, 3)\n",
      "\n",
      "Transformed Cube\n",
      "[[-1.38442739 -1.04066398  0.01947547]\n",
      " [-1.38442739  0.89089378  0.53820915]\n",
      " [-0.28872273 -0.60670433 -1.59641757]\n",
      " [-0.28872273  1.32485343 -1.07768389]\n",
      " [ 0.28872273 -1.32485343  1.07768389]\n",
      " [ 0.28872273  0.60670433  1.59641757]\n",
      " [ 1.38442739 -0.89089378 -0.53820915]\n",
      " [ 1.38442739  1.04066398 -0.01947547]]\n",
      "[val:8] showing cad overlay\n",
      "Unit Cube\n",
      "[[-1 -1 -1]\n",
      " [-1 -1  1]\n",
      " [-1  1 -1]\n",
      " [-1  1  1]\n",
      " [ 1 -1 -1]\n",
      " [ 1 -1  1]\n",
      " [ 1  1 -1]\n",
      " [ 1  1  1]]\n",
      "Rotation Matrix:\n",
      "[[ 9.94899560e-01  1.00870540e-01  0.00000000e+00]\n",
      " [ 5.87048923e-04 -5.79014167e-03  9.99983065e-01]\n",
      " [ 1.00868831e-01 -9.94882711e-01 -5.81982534e-03]]\n",
      "Clip extra row\n",
      "(3, 3)\n",
      "\n",
      "Transformed Cube\n",
      "[[-1.0957701  -0.99477997  0.8998337 ]\n",
      " [-1.0957701   1.00518616  0.88819405]\n",
      " [-0.89402902 -1.00636026 -1.08993172]\n",
      " [-0.89402902  0.99360587 -1.10157137]\n",
      " [ 0.89402902 -0.99360587  1.10157137]\n",
      " [ 0.89402902  1.00636026  1.08993172]\n",
      " [ 1.0957701  -1.00518616 -0.88819405]\n",
      " [ 1.0957701   0.99477997 -0.8998337 ]]\n",
      "[val:9] showing cad overlay\n",
      "Unit Cube\n",
      "[[-1 -1 -1]\n",
      " [-1 -1  1]\n",
      " [-1  1 -1]\n",
      " [-1  1  1]\n",
      " [ 1 -1 -1]\n",
      " [ 1 -1  1]\n",
      " [ 1  1 -1]\n",
      " [ 1  1  1]]\n",
      "Rotation Matrix:\n",
      "[[ 0.98113144  0.19334194  0.        ]\n",
      " [ 0.00201631 -0.01023198  0.99994562]\n",
      " [ 0.19333142 -0.98107808 -0.01042875]]\n",
      "Clip extra row\n",
      "(3, 3)\n",
      "\n",
      "Transformed Cube\n",
      "[[-1.17447337 -0.99172996  0.79817541]\n",
      " [-1.17447337  1.00816128  0.77731791]\n",
      " [-0.7877895  -1.01219391 -1.16398075]\n",
      " [-0.7877895   0.98769733 -1.18483826]\n",
      " [ 0.7877895  -0.98769733  1.18483826]\n",
      " [ 0.7877895   1.01219391  1.16398075]\n",
      " [ 1.17447337 -1.00816128 -0.77731791]\n",
      " [ 1.17447337  0.99172996 -0.79817541]]\n",
      "[val:10] showing cad overlay\n",
      "Unit Cube\n",
      "[[-1 -1 -1]\n",
      " [-1 -1  1]\n",
      " [-1  1 -1]\n",
      " [-1  1  1]\n",
      " [ 1 -1 -1]\n",
      " [ 1 -1  1]\n",
      " [ 1  1 -1]\n",
      " [ 1  1  1]]\n",
      "Rotation Matrix:\n",
      "[[-0.13052617  0.99144486  0.        ]\n",
      " [ 0.83817246  0.11034748  0.53412579]\n",
      " [ 0.52955627  0.0697174  -0.84540502]]\n",
      "Clip extra row\n",
      "(3, 3)\n",
      "\n",
      "Transformed Cube\n",
      "[[-0.86091869 -1.48264573  0.24613135]\n",
      " [-0.86091869 -0.41439415 -1.44467868]\n",
      " [ 1.12197104 -1.26195077  0.38556614]\n",
      " [ 1.12197104 -0.19369919 -1.30524389]\n",
      " [-1.12197104  0.19369919  1.30524389]\n",
      " [-1.12197104  1.26195077 -0.38556614]\n",
      " [ 0.86091869  0.41439415  1.44467868]\n",
      " [ 0.86091869  1.48264573 -0.24613135]]\n",
      "[val:11] showing cad overlay\n",
      "Unit Cube\n",
      "[[-1 -1 -1]\n",
      " [-1 -1  1]\n",
      " [-1  1 -1]\n",
      " [-1  1  1]\n",
      " [ 1 -1 -1]\n",
      " [ 1 -1  1]\n",
      " [ 1  1 -1]\n",
      " [ 1  1  1]]\n",
      "Rotation Matrix:\n",
      "[[ 0.90088022  0.43406777  0.        ]\n",
      " [-0.04342004  0.09011554  0.99498437]\n",
      " [ 0.43189064 -0.89636174  0.10003055]]\n",
      "Clip extra row\n",
      "(3, 3)\n",
      "\n",
      "Transformed Cube\n",
      "[[-1.33494799 -1.04167987  0.36444055]\n",
      " [-1.33494799  0.94828886  0.56450164]\n",
      " [-0.46681245 -0.86144879 -1.42828293]\n",
      " [-0.46681245  1.12851994 -1.22822183]\n",
      " [ 0.46681245 -1.12851994  1.22822183]\n",
      " [ 0.46681245  0.86144879  1.42828293]\n",
      " [ 1.33494799 -0.94828886 -0.56450164]\n",
      " [ 1.33494799  1.04167987 -0.36444055]]\n",
      "[val:12] showing cad overlay\n",
      "Unit Cube\n",
      "[[-1 -1 -1]\n",
      " [-1 -1  1]\n",
      " [-1  1 -1]\n",
      " [-1  1  1]\n",
      " [ 1 -1 -1]\n",
      " [ 1 -1  1]\n",
      " [ 1  1 -1]\n",
      " [ 1  1  1]]\n",
      "Rotation Matrix:\n",
      "[[ 1.37195404e-03  9.99999059e-01  0.00000000e+00]\n",
      " [ 1.37685076e-02 -1.88897775e-05  9.99905209e-01]\n",
      " [ 9.99904268e-01 -1.37182399e-03 -1.37685206e-02]]\n",
      "Clip extra row\n",
      "(3, 3)\n",
      "\n",
      "Transformed Cube\n",
      "[[-1.00137101 -1.01365483 -0.98476392]\n",
      " [-1.00137101  0.98615559 -1.01230096]\n",
      " [ 0.9986271  -1.01369261 -0.98750757]\n",
      " [ 0.9986271   0.98611781 -1.01504461]\n",
      " [-0.9986271  -0.98611781  1.01504461]\n",
      " [-0.9986271   1.01369261  0.98750757]\n",
      " [ 1.00137101 -0.98615559  1.01230096]\n",
      " [ 1.00137101  1.01365483  0.98476392]]\n",
      "[val:13] showing cad overlay\n"
     ]
    },
    {
     "name": "stdout",
     "output_type": "stream",
     "text": [
      "Unit Cube\n",
      "[[-1 -1 -1]\n",
      " [-1 -1  1]\n",
      " [-1  1 -1]\n",
      " [-1  1  1]\n",
      " [ 1 -1 -1]\n",
      " [ 1 -1  1]\n",
      " [ 1  1 -1]\n",
      " [ 1  1  1]]\n",
      "Rotation Matrix:\n",
      "[[ 0.83879852  0.54444196  0.        ]\n",
      " [ 0.00886488 -0.01365775  0.99986743]\n",
      " [ 0.54436979 -0.83868732 -0.01628251]]\n",
      "Clip extra row\n",
      "(3, 3)\n",
      "\n",
      "Transformed Cube\n",
      "[[-1.38324048 -0.99507457  0.31060005]\n",
      " [-1.38324048  1.0046603   0.27803502]\n",
      " [-0.29435655 -1.02239006 -1.36677459]\n",
      " [-0.29435655  0.9773448  -1.39933962]\n",
      " [ 0.29435655 -0.9773448   1.39933962]\n",
      " [ 0.29435655  1.02239006  1.36677459]\n",
      " [ 1.38324048 -1.0046603  -0.27803502]\n",
      " [ 1.38324048  0.99507457 -0.31060005]]\n",
      "[val:14] showing cad overlay\n",
      "Unit Cube\n",
      "[[-1 -1 -1]\n",
      " [-1 -1  1]\n",
      " [-1  1 -1]\n",
      " [-1  1  1]\n",
      " [ 1 -1 -1]\n",
      " [ 1 -1  1]\n",
      " [ 1  1 -1]\n",
      " [ 1  1  1]]\n",
      "Rotation Matrix:\n",
      "[[ 0.09223242 -0.99573751  0.        ]\n",
      " [ 0.26318397  0.02437801  0.96443761]\n",
      " [-0.9603267  -0.08895242  0.26431059]]\n",
      "Clip extra row\n",
      "(3, 3)\n",
      "\n",
      "Transformed Cube\n",
      "[[ 0.90350509 -1.25199959  0.78496853]\n",
      " [ 0.90350509  0.67687564  1.31358971]\n",
      " [-1.08796993 -1.20324358  0.6070637 ]\n",
      " [-1.08796993  0.72563165  1.13568488]\n",
      " [ 1.08796993 -0.72563165 -1.13568488]\n",
      " [ 1.08796993  1.20324358 -0.6070637 ]\n",
      " [-0.90350509 -0.67687564 -1.31358971]\n",
      " [-0.90350509  1.25199959 -0.78496853]]\n",
      "[val:15] showing cad overlay\n",
      "Unit Cube\n",
      "[[-1 -1 -1]\n",
      " [-1 -1  1]\n",
      " [-1  1 -1]\n",
      " [-1  1  1]\n",
      " [ 1 -1 -1]\n",
      " [ 1 -1  1]\n",
      " [ 1  1 -1]\n",
      " [ 1  1  1]]\n",
      "Rotation Matrix:\n",
      "[[ 0.15005487  0.98867767  0.        ]\n",
      " [-0.09465197  0.01436564  0.99540677]\n",
      " [ 0.98413644 -0.14936563  0.09573593]]\n",
      "Clip extra row\n",
      "(3, 3)\n",
      "\n",
      "Transformed Cube\n",
      "[[-1.13873254 -0.91512044 -0.93050674]\n",
      " [-1.13873254  1.0756931  -0.73903489]\n",
      " [ 0.8386228  -0.88638915 -1.229238  ]\n",
      " [ 0.8386228   1.10442438 -1.03776615]\n",
      " [-0.8386228  -1.10442438  1.03776615]\n",
      " [-0.8386228   0.88638915  1.229238  ]\n",
      " [ 1.13873254 -1.0756931   0.73903489]\n",
      " [ 1.13873254  0.91512044  0.93050674]]\n",
      "[val:16] showing cad overlay\n",
      "Unit Cube\n",
      "[[-1 -1 -1]\n",
      " [-1 -1  1]\n",
      " [-1  1 -1]\n",
      " [-1  1  1]\n",
      " [ 1 -1 -1]\n",
      " [ 1 -1  1]\n",
      " [ 1  1 -1]\n",
      " [ 1  1  1]]\n",
      "Rotation Matrix:\n",
      "[[-0.83072118 -0.55668872  0.        ]\n",
      " [ 0.04295139 -0.06409439  0.9970191 ]\n",
      " [-0.55502928  0.82824488  0.07715512]]\n",
      "Clip extra row\n",
      "(3, 3)\n",
      "\n",
      "Transformed Cube\n",
      "[[ 1.38740989 -0.97587609 -0.35037072]\n",
      " [ 1.38740989  1.01816211 -0.19606048]\n",
      " [ 0.27403246 -1.10406488  1.30611904]\n",
      " [ 0.27403246  0.88997332  1.46042928]\n",
      " [-0.27403246 -0.88997332 -1.46042928]\n",
      " [-0.27403246  1.10406488 -1.30611904]\n",
      " [-1.38740989 -1.01816211  0.19606048]\n",
      " [-1.38740989  0.97587609  0.35037072]]\n",
      "[val:17] showing cad overlay\n",
      "Unit Cube\n",
      "[[-1 -1 -1]\n",
      " [-1 -1  1]\n",
      " [-1  1 -1]\n",
      " [-1  1  1]\n",
      " [ 1 -1 -1]\n",
      " [ 1 -1  1]\n",
      " [ 1  1 -1]\n",
      " [ 1  1  1]]\n",
      "Rotation Matrix:\n",
      "[[ 1.00000000e+00  1.17559173e-09  0.00000000e+00]\n",
      " [ 6.91733406e-10 -5.88412959e-01  8.08560567e-01]\n",
      " [ 9.50537112e-10 -8.08560567e-01 -5.88412959e-01]]\n",
      "Clip extra row\n",
      "(3, 3)\n",
      "\n",
      "Transformed Cube\n",
      "[[-1.         -0.22014761  1.39697352]\n",
      " [-1.          1.39697352  0.22014761]\n",
      " [-1.         -1.39697353 -0.22014761]\n",
      " [-1.          0.22014761 -1.39697353]\n",
      " [ 1.         -0.22014761  1.39697353]\n",
      " [ 1.          1.39697353  0.22014761]\n",
      " [ 1.         -1.39697352 -0.22014761]\n",
      " [ 1.          0.22014761 -1.39697352]]\n",
      "[val:18] showing cad overlay\n",
      "Unit Cube\n",
      "[[-1 -1 -1]\n",
      " [-1 -1  1]\n",
      " [-1  1 -1]\n",
      " [-1  1  1]\n",
      " [ 1 -1 -1]\n",
      " [ 1 -1  1]\n",
      " [ 1  1 -1]\n",
      " [ 1  1  1]]\n",
      "Rotation Matrix:\n",
      "[[ 0.44146706  0.89727746  0.        ]\n",
      " [-0.20448069  0.10060599  0.97368685]\n",
      " [ 0.87366726 -0.42985067  0.22789015]]\n",
      "Clip extra row\n",
      "(3, 3)\n",
      "\n",
      "Transformed Cube\n",
      "[[-1.33874452 -0.86981215 -0.67170674]\n",
      " [-1.33874452  1.07756155 -0.21592644]\n",
      " [ 0.4558104  -0.66860017 -1.53140808]\n",
      " [ 0.4558104   1.27877353 -1.07562778]\n",
      " [-0.4558104  -1.27877353  1.07562778]\n",
      " [-0.4558104   0.66860017  1.53140808]\n",
      " [ 1.33874452 -1.07756155  0.21592644]\n",
      " [ 1.33874452  0.86981215  0.67170674]]\n",
      "[val:19] showing cad overlay\n",
      "Unit Cube\n",
      "[[-1 -1 -1]\n",
      " [-1 -1  1]\n",
      " [-1  1 -1]\n",
      " [-1  1  1]\n",
      " [ 1 -1 -1]\n",
      " [ 1 -1  1]\n",
      " [ 1  1 -1]\n",
      " [ 1  1  1]]\n",
      "Rotation Matrix:\n",
      "[[-0.54109621 -0.8409607   0.        ]\n",
      " [ 0.04689607 -0.03017416  0.99844393]\n",
      " [-0.8396521   0.54025422  0.05576488]]\n",
      "Clip extra row\n",
      "(3, 3)\n",
      "\n",
      "Transformed Cube\n",
      "[[ 1.3820569  -1.01516584  0.243633  ]\n",
      " [ 1.3820569   0.98172202  0.35516276]\n",
      " [-0.29986449 -1.07551416  1.32414145]\n",
      " [-0.29986449  0.92137369  1.4356712 ]\n",
      " [ 0.29986449 -0.92137369 -1.4356712 ]\n",
      " [ 0.29986449  1.07551416 -1.32414145]\n",
      " [-1.3820569  -0.98172202 -0.35516276]\n",
      " [-1.3820569   1.01516584 -0.243633  ]]\n",
      "[val:20] showing cad overlay\n",
      "Unit Cube\n",
      "[[-1 -1 -1]\n",
      " [-1 -1  1]\n",
      " [-1  1 -1]\n",
      " [-1  1  1]\n",
      " [ 1 -1 -1]\n",
      " [ 1 -1  1]\n",
      " [ 1  1 -1]\n",
      " [ 1  1  1]]\n",
      "Rotation Matrix:\n",
      "[[ 0.64444752  0.76464854  0.        ]\n",
      " [ 0.25620494 -0.21593011  0.94219595]\n",
      " [ 0.72044876 -0.60719585 -0.33506236]]\n",
      "Clip extra row\n",
      "(3, 3)\n",
      "\n",
      "Transformed Cube\n",
      "[[-1.40909606 -0.98247079  0.22180945]\n",
      " [-1.40909606  0.90192112 -0.44831527]\n",
      " [ 0.12020102 -1.41433101 -0.99258225]\n",
      " [ 0.12020102  0.4700609  -1.66270697]\n",
      " [-0.12020102 -0.4700609   1.66270697]\n",
      " [-0.12020102  1.41433101  0.99258225]\n",
      " [ 1.40909606 -0.90192112  0.44831527]\n",
      " [ 1.40909606  0.98247079 -0.22180945]]\n",
      "[val:21] showing cad overlay\n",
      "Unit Cube\n",
      "[[-1 -1 -1]\n",
      " [-1 -1  1]\n",
      " [-1  1 -1]\n",
      " [-1  1  1]\n",
      " [ 1 -1 -1]\n",
      " [ 1 -1  1]\n",
      " [ 1  1 -1]\n",
      " [ 1  1  1]]\n",
      "Rotation Matrix:\n",
      "[[ 0.69312039 -0.72082184  0.        ]\n",
      " [ 0.25914029  0.24918143  0.9331425 ]\n",
      " [-0.67262949 -0.64678009  0.35950671]]\n",
      "Clip extra row\n",
      "(3, 3)\n",
      "\n",
      "Transformed Cube\n",
      "[[ 0.02770145 -1.44146422  0.95990287]\n",
      " [ 0.02770145  0.42482078  1.6789163 ]\n",
      " [-1.41394223 -0.94310136 -0.33365731]\n",
      " [-1.41394223  0.92318364  0.38535612]\n",
      " [ 1.41394223 -0.92318364 -0.38535612]\n",
      " [ 1.41394223  0.94310136  0.33365731]\n",
      " [-0.02770145 -0.42482078 -1.6789163 ]\n",
      " [-0.02770145  1.44146422 -0.95990287]]\n",
      "[val:22] showing cad overlay\n",
      "Unit Cube\n",
      "[[-1 -1 -1]\n",
      " [-1 -1  1]\n",
      " [-1  1 -1]\n",
      " [-1  1  1]\n",
      " [ 1 -1 -1]\n",
      " [ 1 -1  1]\n",
      " [ 1  1 -1]\n",
      " [ 1  1  1]]\n",
      "Rotation Matrix:\n",
      "[[-0.99347692 -0.11403336  0.        ]\n",
      " [-0.02803781  0.2442699   0.96930186]\n",
      " [-0.11053275  0.96297903 -0.24587376]]\n",
      "Clip extra row\n",
      "(3, 3)\n",
      "\n",
      "Transformed Cube\n",
      "[[ 1.10751028 -1.18553395 -0.60657252]\n",
      " [ 1.10751028  0.75306977 -1.09832003]\n",
      " [ 0.87944356 -0.69699415  1.31938553]\n",
      " [ 0.87944356  1.24160957  0.82763802]\n",
      " [-0.87944356 -1.24160957 -0.82763802]\n",
      " [-0.87944356  0.69699415 -1.31938553]\n",
      " [-1.10751028 -0.75306977  1.09832003]\n",
      " [-1.10751028  1.18553395  0.60657252]]\n",
      "[val:23] showing cad overlay\n",
      "Unit Cube\n",
      "[[-1 -1 -1]\n",
      " [-1 -1  1]\n",
      " [-1  1 -1]\n",
      " [-1  1  1]\n",
      " [ 1 -1 -1]\n",
      " [ 1 -1  1]\n",
      " [ 1  1 -1]\n",
      " [ 1  1  1]]\n",
      "[val:24] showing cad overlay\n",
      "Unit Cube\n",
      "[[-1 -1 -1]\n",
      " [-1 -1  1]\n",
      " [-1  1 -1]\n",
      " [-1  1  1]\n",
      " [ 1 -1 -1]\n",
      " [ 1 -1  1]\n",
      " [ 1  1 -1]\n",
      " [ 1  1  1]]\n",
      "Rotation Matrix:\n",
      "[[ 0.98387572 -0.17885346  0.        ]\n",
      " [-0.00962465 -0.05294533  0.99855103]\n",
      " [-0.17859431 -0.98245012 -0.05381302]]\n",
      "Clip extra row\n",
      "(3, 3)\n",
      "\n",
      "Transformed Cube\n",
      "[[-0.80502226 -0.93598106  1.21485745]\n",
      " [-0.80502226  1.061121    1.1072314 ]\n",
      " [-1.16272919 -1.04187171 -0.75004278]\n",
      " [-1.16272919  0.95523035 -0.85766883]\n",
      " [ 1.16272919 -0.95523035  0.85766883]\n",
      " [ 1.16272919  1.04187171  0.75004278]\n",
      " [ 0.80502226 -1.061121   -1.1072314 ]\n",
      " [ 0.80502226  0.93598106 -1.21485745]]\n",
      "[val:25] showing cad overlay\n",
      "Unit Cube\n",
      "[[-1 -1 -1]\n",
      " [-1 -1  1]\n",
      " [-1  1 -1]\n",
      " [-1  1  1]\n",
      " [ 1 -1 -1]\n",
      " [ 1 -1  1]\n",
      " [ 1  1 -1]\n",
      " [ 1  1  1]]\n",
      "Rotation Matrix:\n",
      "[[ 9.99743334e-01  2.26553937e-02  0.00000000e+00]\n",
      " [-5.99760930e-04  2.64664124e-02  9.99649523e-01]\n",
      " [ 2.26474535e-02 -9.99392947e-01  2.64732072e-02]]\n",
      "Clip extra row\n",
      "(3, 3)\n",
      "\n",
      "Transformed Cube\n",
      "[[-1.02239873 -1.02551617  0.95027229]\n",
      " [-1.02239873  0.97378287  1.0032187 ]\n",
      " [-0.97708794 -0.97258335 -1.04851361]\n",
      " [-0.97708794  1.0267157  -0.99556719]\n",
      " [ 0.97708794 -1.0267157   0.99556719]\n",
      " [ 0.97708794  0.97258335  1.04851361]\n",
      " [ 1.02239873 -0.97378287 -1.0032187 ]\n",
      " [ 1.02239873  1.02551617 -0.95027229]]\n",
      "[val:26] showing cad overlay\n",
      "Unit Cube\n",
      "[[-1 -1 -1]\n",
      " [-1 -1  1]\n",
      " [-1  1 -1]\n",
      " [-1  1  1]\n",
      " [ 1 -1 -1]\n",
      " [ 1 -1  1]\n",
      " [ 1  1 -1]\n",
      " [ 1  1  1]]\n",
      "Rotation Matrix:\n",
      "[[ 0.08915754  0.99601754  0.        ]\n",
      " [-0.26254905  0.02350182  0.9646324 ]\n",
      " [ 0.96079078 -0.08600425  0.26359883]]\n",
      "Clip extra row\n",
      "(3, 3)\n",
      "\n",
      "Transformed Cube\n",
      "[[-1.08517508 -0.72558517 -1.13838536]\n",
      " [-1.08517508  1.20367963 -0.61118771]\n",
      " [ 0.90686    -0.67858152 -1.31039386]\n",
      " [ 0.90686     1.25068327 -0.78319621]\n",
      " [-0.90686    -1.25068327  0.78319621]\n",
      " [-0.90686     0.67858152  1.31039386]\n",
      " [ 1.08517508 -1.20367963  0.61118771]\n",
      " [ 1.08517508  0.72558517  1.13838536]]\n",
      "[val:27] showing cad overlay\n"
     ]
    },
    {
     "name": "stdout",
     "output_type": "stream",
     "text": [
      "Unit Cube\n",
      "[[-1 -1 -1]\n",
      " [-1 -1  1]\n",
      " [-1  1 -1]\n",
      " [-1  1  1]\n",
      " [ 1 -1 -1]\n",
      " [ 1 -1  1]\n",
      " [ 1  1 -1]\n",
      " [ 1  1  1]]\n",
      "Rotation Matrix:\n",
      "[[-0.92994948  0.36768731  0.        ]\n",
      " [-0.05784012 -0.14628842  0.9875496 ]\n",
      " [ 0.36310946  0.91837124  0.15730792]]\n",
      "Clip extra row\n",
      "(3, 3)\n",
      "\n",
      "Transformed Cube\n",
      "[[ 0.56226217 -0.78342106 -1.43878862]\n",
      " [ 0.56226217  1.19167814 -1.12417279]\n",
      " [ 1.29763679 -1.07599789  0.39795387]\n",
      " [ 1.29763679  0.89910131  0.7125697 ]\n",
      " [-1.29763679 -0.89910131 -0.7125697 ]\n",
      " [-1.29763679  1.07599789 -0.39795387]\n",
      " [-0.56226217 -1.19167814  1.12417279]\n",
      " [-0.56226217  0.78342106  1.43878862]]\n"
     ]
    },
    {
     "ename": "KeyboardInterrupt",
     "evalue": "",
     "output_type": "error",
     "traceback": [
      "\u001b[0;31m---------------------------------------------------------------------------\u001b[0m",
      "\u001b[0;31mKeyboardInterrupt\u001b[0m                         Traceback (most recent call last)",
      "\u001b[0;32m<ipython-input-2-f0036a5ee846>\u001b[0m in \u001b[0;36m<module>\u001b[0;34m()\u001b[0m\n\u001b[1;32m      5\u001b[0m     print('[{dtype}:{id}] showing cad overlay'\n\u001b[1;32m      6\u001b[0m           .format(dtype=data_type, id=i))\n\u001b[0;32m----> 7\u001b[0;31m     \u001b[0mdataset\u001b[0m\u001b[0;34m.\u001b[0m\u001b[0mtransform_unit_cube\u001b[0m\u001b[0;34m(\u001b[0m\u001b[0mi\u001b[0m\u001b[0;34m)\u001b[0m\u001b[0;34m\u001b[0m\u001b[0m\n\u001b[0m",
      "\u001b[0;31mKeyboardInterrupt\u001b[0m: "
     ]
    }
   ],
   "source": [
    "data_type = 'train'\n",
    "dataset = pascal3d.dataset.Pascal3DDataset(data_type)\n",
    "\n",
    "for i in range(2):\n",
    "    print('[{dtype}:{id}] showing cad overlay'\n",
    "          .format(dtype=data_type, id=i))\n",
    "    dataset.transform_unit_cube(i)"
   ]
  },
  {
   "cell_type": "code",
   "execution_count": 15,
   "metadata": {},
   "outputs": [
    {
     "data": {
      "application/javascript": [
       "/* Put everything inside the global mpl namespace */\n",
       "window.mpl = {};\n",
       "\n",
       "\n",
       "mpl.get_websocket_type = function() {\n",
       "    if (typeof(WebSocket) !== 'undefined') {\n",
       "        return WebSocket;\n",
       "    } else if (typeof(MozWebSocket) !== 'undefined') {\n",
       "        return MozWebSocket;\n",
       "    } else {\n",
       "        alert('Your browser does not have WebSocket support.' +\n",
       "              'Please try Chrome, Safari or Firefox ≥ 6. ' +\n",
       "              'Firefox 4 and 5 are also supported but you ' +\n",
       "              'have to enable WebSockets in about:config.');\n",
       "    };\n",
       "}\n",
       "\n",
       "mpl.figure = function(figure_id, websocket, ondownload, parent_element) {\n",
       "    this.id = figure_id;\n",
       "\n",
       "    this.ws = websocket;\n",
       "\n",
       "    this.supports_binary = (this.ws.binaryType != undefined);\n",
       "\n",
       "    if (!this.supports_binary) {\n",
       "        var warnings = document.getElementById(\"mpl-warnings\");\n",
       "        if (warnings) {\n",
       "            warnings.style.display = 'block';\n",
       "            warnings.textContent = (\n",
       "                \"This browser does not support binary websocket messages. \" +\n",
       "                    \"Performance may be slow.\");\n",
       "        }\n",
       "    }\n",
       "\n",
       "    this.imageObj = new Image();\n",
       "\n",
       "    this.context = undefined;\n",
       "    this.message = undefined;\n",
       "    this.canvas = undefined;\n",
       "    this.rubberband_canvas = undefined;\n",
       "    this.rubberband_context = undefined;\n",
       "    this.format_dropdown = undefined;\n",
       "\n",
       "    this.image_mode = 'full';\n",
       "\n",
       "    this.root = $('<div/>');\n",
       "    this._root_extra_style(this.root)\n",
       "    this.root.attr('style', 'display: inline-block');\n",
       "\n",
       "    $(parent_element).append(this.root);\n",
       "\n",
       "    this._init_header(this);\n",
       "    this._init_canvas(this);\n",
       "    this._init_toolbar(this);\n",
       "\n",
       "    var fig = this;\n",
       "\n",
       "    this.waiting = false;\n",
       "\n",
       "    this.ws.onopen =  function () {\n",
       "            fig.send_message(\"supports_binary\", {value: fig.supports_binary});\n",
       "            fig.send_message(\"send_image_mode\", {});\n",
       "            if (mpl.ratio != 1) {\n",
       "                fig.send_message(\"set_dpi_ratio\", {'dpi_ratio': mpl.ratio});\n",
       "            }\n",
       "            fig.send_message(\"refresh\", {});\n",
       "        }\n",
       "\n",
       "    this.imageObj.onload = function() {\n",
       "            if (fig.image_mode == 'full') {\n",
       "                // Full images could contain transparency (where diff images\n",
       "                // almost always do), so we need to clear the canvas so that\n",
       "                // there is no ghosting.\n",
       "                fig.context.clearRect(0, 0, fig.canvas.width, fig.canvas.height);\n",
       "            }\n",
       "            fig.context.drawImage(fig.imageObj, 0, 0);\n",
       "        };\n",
       "\n",
       "    this.imageObj.onunload = function() {\n",
       "        fig.ws.close();\n",
       "    }\n",
       "\n",
       "    this.ws.onmessage = this._make_on_message_function(this);\n",
       "\n",
       "    this.ondownload = ondownload;\n",
       "}\n",
       "\n",
       "mpl.figure.prototype._init_header = function() {\n",
       "    var titlebar = $(\n",
       "        '<div class=\"ui-dialog-titlebar ui-widget-header ui-corner-all ' +\n",
       "        'ui-helper-clearfix\"/>');\n",
       "    var titletext = $(\n",
       "        '<div class=\"ui-dialog-title\" style=\"width: 100%; ' +\n",
       "        'text-align: center; padding: 3px;\"/>');\n",
       "    titlebar.append(titletext)\n",
       "    this.root.append(titlebar);\n",
       "    this.header = titletext[0];\n",
       "}\n",
       "\n",
       "\n",
       "\n",
       "mpl.figure.prototype._canvas_extra_style = function(canvas_div) {\n",
       "\n",
       "}\n",
       "\n",
       "\n",
       "mpl.figure.prototype._root_extra_style = function(canvas_div) {\n",
       "\n",
       "}\n",
       "\n",
       "mpl.figure.prototype._init_canvas = function() {\n",
       "    var fig = this;\n",
       "\n",
       "    var canvas_div = $('<div/>');\n",
       "\n",
       "    canvas_div.attr('style', 'position: relative; clear: both; outline: 0');\n",
       "\n",
       "    function canvas_keyboard_event(event) {\n",
       "        return fig.key_event(event, event['data']);\n",
       "    }\n",
       "\n",
       "    canvas_div.keydown('key_press', canvas_keyboard_event);\n",
       "    canvas_div.keyup('key_release', canvas_keyboard_event);\n",
       "    this.canvas_div = canvas_div\n",
       "    this._canvas_extra_style(canvas_div)\n",
       "    this.root.append(canvas_div);\n",
       "\n",
       "    var canvas = $('<canvas/>');\n",
       "    canvas.addClass('mpl-canvas');\n",
       "    canvas.attr('style', \"left: 0; top: 0; z-index: 0; outline: 0\")\n",
       "\n",
       "    this.canvas = canvas[0];\n",
       "    this.context = canvas[0].getContext(\"2d\");\n",
       "\n",
       "    var backingStore = this.context.backingStorePixelRatio ||\n",
       "\tthis.context.webkitBackingStorePixelRatio ||\n",
       "\tthis.context.mozBackingStorePixelRatio ||\n",
       "\tthis.context.msBackingStorePixelRatio ||\n",
       "\tthis.context.oBackingStorePixelRatio ||\n",
       "\tthis.context.backingStorePixelRatio || 1;\n",
       "\n",
       "    mpl.ratio = (window.devicePixelRatio || 1) / backingStore;\n",
       "\n",
       "    var rubberband = $('<canvas/>');\n",
       "    rubberband.attr('style', \"position: absolute; left: 0; top: 0; z-index: 1;\")\n",
       "\n",
       "    var pass_mouse_events = true;\n",
       "\n",
       "    canvas_div.resizable({\n",
       "        start: function(event, ui) {\n",
       "            pass_mouse_events = false;\n",
       "        },\n",
       "        resize: function(event, ui) {\n",
       "            fig.request_resize(ui.size.width, ui.size.height);\n",
       "        },\n",
       "        stop: function(event, ui) {\n",
       "            pass_mouse_events = true;\n",
       "            fig.request_resize(ui.size.width, ui.size.height);\n",
       "        },\n",
       "    });\n",
       "\n",
       "    function mouse_event_fn(event) {\n",
       "        if (pass_mouse_events)\n",
       "            return fig.mouse_event(event, event['data']);\n",
       "    }\n",
       "\n",
       "    rubberband.mousedown('button_press', mouse_event_fn);\n",
       "    rubberband.mouseup('button_release', mouse_event_fn);\n",
       "    // Throttle sequential mouse events to 1 every 20ms.\n",
       "    rubberband.mousemove('motion_notify', mouse_event_fn);\n",
       "\n",
       "    rubberband.mouseenter('figure_enter', mouse_event_fn);\n",
       "    rubberband.mouseleave('figure_leave', mouse_event_fn);\n",
       "\n",
       "    canvas_div.on(\"wheel\", function (event) {\n",
       "        event = event.originalEvent;\n",
       "        event['data'] = 'scroll'\n",
       "        if (event.deltaY < 0) {\n",
       "            event.step = 1;\n",
       "        } else {\n",
       "            event.step = -1;\n",
       "        }\n",
       "        mouse_event_fn(event);\n",
       "    });\n",
       "\n",
       "    canvas_div.append(canvas);\n",
       "    canvas_div.append(rubberband);\n",
       "\n",
       "    this.rubberband = rubberband;\n",
       "    this.rubberband_canvas = rubberband[0];\n",
       "    this.rubberband_context = rubberband[0].getContext(\"2d\");\n",
       "    this.rubberband_context.strokeStyle = \"#000000\";\n",
       "\n",
       "    this._resize_canvas = function(width, height) {\n",
       "        // Keep the size of the canvas, canvas container, and rubber band\n",
       "        // canvas in synch.\n",
       "        canvas_div.css('width', width)\n",
       "        canvas_div.css('height', height)\n",
       "\n",
       "        canvas.attr('width', width * mpl.ratio);\n",
       "        canvas.attr('height', height * mpl.ratio);\n",
       "        canvas.attr('style', 'width: ' + width + 'px; height: ' + height + 'px;');\n",
       "\n",
       "        rubberband.attr('width', width);\n",
       "        rubberband.attr('height', height);\n",
       "    }\n",
       "\n",
       "    // Set the figure to an initial 600x600px, this will subsequently be updated\n",
       "    // upon first draw.\n",
       "    this._resize_canvas(600, 600);\n",
       "\n",
       "    // Disable right mouse context menu.\n",
       "    $(this.rubberband_canvas).bind(\"contextmenu\",function(e){\n",
       "        return false;\n",
       "    });\n",
       "\n",
       "    function set_focus () {\n",
       "        canvas.focus();\n",
       "        canvas_div.focus();\n",
       "    }\n",
       "\n",
       "    window.setTimeout(set_focus, 100);\n",
       "}\n",
       "\n",
       "mpl.figure.prototype._init_toolbar = function() {\n",
       "    var fig = this;\n",
       "\n",
       "    var nav_element = $('<div/>')\n",
       "    nav_element.attr('style', 'width: 100%');\n",
       "    this.root.append(nav_element);\n",
       "\n",
       "    // Define a callback function for later on.\n",
       "    function toolbar_event(event) {\n",
       "        return fig.toolbar_button_onclick(event['data']);\n",
       "    }\n",
       "    function toolbar_mouse_event(event) {\n",
       "        return fig.toolbar_button_onmouseover(event['data']);\n",
       "    }\n",
       "\n",
       "    for(var toolbar_ind in mpl.toolbar_items) {\n",
       "        var name = mpl.toolbar_items[toolbar_ind][0];\n",
       "        var tooltip = mpl.toolbar_items[toolbar_ind][1];\n",
       "        var image = mpl.toolbar_items[toolbar_ind][2];\n",
       "        var method_name = mpl.toolbar_items[toolbar_ind][3];\n",
       "\n",
       "        if (!name) {\n",
       "            // put a spacer in here.\n",
       "            continue;\n",
       "        }\n",
       "        var button = $('<button/>');\n",
       "        button.addClass('ui-button ui-widget ui-state-default ui-corner-all ' +\n",
       "                        'ui-button-icon-only');\n",
       "        button.attr('role', 'button');\n",
       "        button.attr('aria-disabled', 'false');\n",
       "        button.click(method_name, toolbar_event);\n",
       "        button.mouseover(tooltip, toolbar_mouse_event);\n",
       "\n",
       "        var icon_img = $('<span/>');\n",
       "        icon_img.addClass('ui-button-icon-primary ui-icon');\n",
       "        icon_img.addClass(image);\n",
       "        icon_img.addClass('ui-corner-all');\n",
       "\n",
       "        var tooltip_span = $('<span/>');\n",
       "        tooltip_span.addClass('ui-button-text');\n",
       "        tooltip_span.html(tooltip);\n",
       "\n",
       "        button.append(icon_img);\n",
       "        button.append(tooltip_span);\n",
       "\n",
       "        nav_element.append(button);\n",
       "    }\n",
       "\n",
       "    var fmt_picker_span = $('<span/>');\n",
       "\n",
       "    var fmt_picker = $('<select/>');\n",
       "    fmt_picker.addClass('mpl-toolbar-option ui-widget ui-widget-content');\n",
       "    fmt_picker_span.append(fmt_picker);\n",
       "    nav_element.append(fmt_picker_span);\n",
       "    this.format_dropdown = fmt_picker[0];\n",
       "\n",
       "    for (var ind in mpl.extensions) {\n",
       "        var fmt = mpl.extensions[ind];\n",
       "        var option = $(\n",
       "            '<option/>', {selected: fmt === mpl.default_extension}).html(fmt);\n",
       "        fmt_picker.append(option)\n",
       "    }\n",
       "\n",
       "    // Add hover states to the ui-buttons\n",
       "    $( \".ui-button\" ).hover(\n",
       "        function() { $(this).addClass(\"ui-state-hover\");},\n",
       "        function() { $(this).removeClass(\"ui-state-hover\");}\n",
       "    );\n",
       "\n",
       "    var status_bar = $('<span class=\"mpl-message\"/>');\n",
       "    nav_element.append(status_bar);\n",
       "    this.message = status_bar[0];\n",
       "}\n",
       "\n",
       "mpl.figure.prototype.request_resize = function(x_pixels, y_pixels) {\n",
